0.126414141
0.131655303
0.152195707
0.025617424
0.013924242
0.079191919
0.005920455
0.217063131
0.301212121
0.045747475
0.012084596
0.08847096
0.005646465
0.216127525
0.324092172
0.004637626
0.130070707
0.113848485
0.210166667
0.108897727
0.126878788
0.282333333
0.075746212
0.012765152
0.211349747
0.159352273
0.092982323
0.083073232
0.079209596
0.109811869
0.050893939
0.027525253
0.121218434
0.055833333
0.002141414
0.036151515
0.020541667
0.165136364
0.061044192
0.033936869
0.188756313
0.209777778
0.004075758
0.182385101
0.007598485
0.159948232
0.003526515
0.141597222
0.218255051
0.199811869
0.100443182
0.125141414
0.220169192
0.181584596
0.109090909
0.089046717
0.077582071
0.151501263
0.083857323
0.105194444
0.144444444
0.101208333
0.011006313
0.039243687
0.065265152
0.003640152
0.002165404
0.100532828
0.031294192
0.127993687
0.040131313
0.23752904
0.251494949
0.11317803
0.008037879
0.068116162
0.038916667
0.027984848
0.010790404
0.045242424
0.011031566
0.095135101
0.074373737
0.022962121
0.014786616
0.07595202
0.158084596
0.025733586
0.020445707
0.148236111
0.012505051
0.005606061
0.026753788
0.081289141
0.009132576
0.056813131
0.012578283
0.04857197
0.024299242
0.141885101
0.010857323
0.002609848
0.039458333
0.064872475
0.061174242
0.010829545
0.001334596
0.060805556
0.017868687
0.006729798
0.006787879
0.010820707
0.010775253
0.010776515
0.019391414
0.009959596
0.039407828
0.00079798
0.010747475
0.081652778
0.044118687
0.01134596
0.000964646
0.000685606
0.001734848
0.007691919
0.052625
0.108108586
0.168738636
0.287941919
0.010671717
0.044527778
0.596378788
0.634253788
0.002979798
0.404430556
0.790325758
0.449450758
0.058916667
0.243944444
0.002949495
0.005294192
0.005282828
0.010425505
0.176222222
0.014005051
0.003829545
0.068411616
0.008128788
0.084756313
0.02015404
0.004357323
0.031512626
0.177270202
0.250487374
0.014089646
0.113354798
0.069481061
0.008891414
0.104078283
0.238208333
0.076748737
0.054042929
0.454049242
0.177656566
0.107099747
0.08455303
0.520688131
0.043887626
0.338994949
0.54764899
0.02810101
0.085530303
0.218819444
0.291958333
0.265419192
0.111589646
0.240036616
0.401637626
0.000549242
0.099494949
0.318888889
0.137748737
0.056888889
0.002080808
0.046386364
0.245301768
0.100042929
0.11884596
0.190670455
0.059679293
0.013983586
0.030383838
0.074916667
0.047611111
0.182073232
0.189314394
0.131861111
0.141989899
0.220181818
0.000762626
0.136847222
0.024643939
0.055227273
0.111738636
0.019869949
0.118972222
0.025979798
0.067578283
0.121445707
0.105525253
0.002935606
0.001376263
0.136464646
0.082468434
0.053848485
0.042537879
0.02360101
0.27859596
0.013560606
0.409241162
0.047684343
0.083373737
0.129541667
0.152050505
0.238275253
0.037843434
0.014522727
0.089712121
0.085491162
0.207431818
0.368457071
0.07234596
0.086714646
0.031233586
0.016276515
0.153718434
0.540328283
0.09760101
0.140609848
0.139609848
0.071291667
0.078126263
0.075232323
0.009195707
0.004161616
0.06532702
0.065401515
0.072032828
0.117078283
0.363805556
0.176907828
0.102848485
0.091679293
0.073170455
0.13917298
0.122534091
0.198602273
0.144705808
0.329339646
0.082041667
0.065068182
0.065332071
0.066145202
0.118410354
0.024431818
0.004684343
0.095160354
0.10652904
0.085375
0.100993687
0.087083333
0.000935606
0.037543689
0.435985437
0.245165049
0.142640777
0.04888835
0.00076699
0.121849515
0.060131068
0.120058252
0.083514563
0.008281553
0.002490291
0.029699029
0.039975728
0.016674757
0.02984466
0.587946602
0.307131068
0.002796117
0.213975728
0.11634466
0.08031068
0.282339806
0.011757282
0.012980583
0.211033981
0.830199029
0.838165049
0.249757282
0.041179612
0.172883495
0.031262136
0.155378641
0.045912621
0.147713592
0.078359223
0.735393204
0.423703883
0.074334951
0.427524272
0.176383495
0.034825243
0.27707767
0.326834951
0.236305825
0.999432039
1.05434466
0.370247573
0.453315534
1.121475728
0.752339806
0.708213592
0.276864078
0.00234466
0.186800971
0.133606796
0.391063107
0.816538835
1.25984466
1.255864078
0.329694175
0.001752427
0.461747573
0.528048544
1.122902913
0.70188835
0.025864078
0.015072816
0.075742718
0.002859223
0.022742718
0.035199029
0.021271845
0.017839806
0.012665049
0.004072816
0.210660194
0.003339806
0.019538835
0.054956311
0.00992233
0.4465
0.395461165
0.069412621
0.298194175
0.01215534
0.003626214
0.040635922
0.015349515
0.03718932
0.005354369
0.202626214
0.24926699
0.057082524
0.013004854
0.14284466
0.003665049
0.246956311
0.108271845
0.028883495
0.003669903
0.127747573
0.003213592
0.000461165
0.030082524
0.139485437
0.048364078
0.002237864
0.011723301
0.001480583
0.008509709
0.003140777
0.030567961
0.024276699
0.252898058
0.121466019
0.090936893
0.06718932
0.099601942
0.001029126
0.089650485
0.109572816
0.021126214
0.565383495
0.143572816
0.178470874
0.002451456
0.002305825
0.006868932
0.018723301
0.23481068
0.178684466
0.050150485
0.025558252
0.007961165
0.011194175
0.379563107
0.111873786
0.09126699
0.115781553
0.01334466
0.014174757
0.045441748
0.00261165
0.042524272
0.073815534
0.110300971
0.135601942
0.008024272
0.394873786
0.033334951
0.089281553
0.053951456
0.102679612
0.052087379
0.086791262
0.156461165
0.01726699
0.008199029
0.006961165
0.386378641
0.026752427
0.027757282
0.189533981
0.061315534
0.007135922
0.084548544
0.188451456
0.00781068
0.040796117
0.000262136
0.085703883
0.190271845
0.33257767
0.064373786
0.063800971
0.10226699
0.102461165
0.396160194
0.518237864
0.281893204
0.178038835
0.018645631
0.130165049
0.121354369
0.087514563
0.001941748
0.057728155
0.000305825
0.191067961
0.166475728
0.197451456
0.071757282
0.182451456
0.140436893
0.090708738
0.038902913
0.002029126
0.182383495
0.325184466
0.204781553
0.086359223
0.079004854
0.069737864
0.004427184
0.017917476
0.000563107
0.107771845
0.163665049
0.044262136
0.073567961
0.226621359
0.314252427
0.271456311
0.29934466
0.477951456
0.432184466
0.367927184
0.199893204
0.366713592
0.135883495
0.36615534
0.390495146
0.047446602
0.038441748
0.001305825
0.125757282
0.201242718
0.011703883
0.05618932
0.427830097
0.080597087
0.276927184
0.299558252
0.002927184
0.243830097
0.34234466
0.46338835
0.047839806
0.055927184
0.023864078
0.095951456
0.013917476
1.45631e-05
0.112305825
0.252713592
0.061165049
0.091997475
0.016588384
0.187809343
0.075421717
0.178751263
0.014012626
0.006294192
0.002246212
0.041119949
0.031911616
0.001792929
0.038666667
0.009161616
0.002733586
0.034160354
0.004128788
0.003157828
0.002429293
0.014993687
0.002815657
0.019107323
0.003643939
0.001873737
0.013069444
0.144087121
0.003224747
0.003093434
0.029606061
0.212503788
0.314531566
0.07232702
0.086377525
0.049607323
0.016801768
0.056417929
0.071122475
0.006311869
0.106079545
0.067887626
0.071837121
0.00334596
0.00659596
0.031080808
0.017859848
0.019041667
0.047106061
0.045126263
0.30182197
0.082869949
0.04479798
0.200113636
0.162185606
0.162465909
0.025438131
0.084604798
0.054010101
0.004551768
0.042174242
0.038655303
0.004657828
0.025218434
0.025277778
0.058429293
0.009854798
0.000840909
0.014542929
0.031564394
0.047280303
0.068334596
0.000525253
0.018377525
0.817957071
0.081563131
0.068742424
0.007886364
0.220858586
0.183054293
0.185579545
0.084035354
0.062438131
0.023185606
0.003012626
0.003174242
0.000777778
0.086849747
0.342929293
0.074612374
0.111311869
0.038809343
0.000806818
0.003246212
0.531746212
0.07022601
0.00684596
0.043223485
0.068651515
0.048880051
0.10327399
0.01347096
0.004700758
0.035914141
0.021188131
0.001233586
0.01180303
0.005535354
0.015661616
0.02710101
0.020039141
0.003684343
0.21392298
0.021875
0.011921717
0.05232197
0.198713384
0.277167929
0.313828283
0.083042929
0.094042929
0.142140152
0.607363636
0.269465909
0.335771465
0.138646465
0.023113636
0.066112374
0.015465909
0.141176768
0.185161616
0.018277778
0.005291667
0.381925505
0.150681818
0.134751263
0.209056818
0.095688131
0.031912879
0.044450758
0.055465909
0.44367298
0.012589646
0.012489899
0.050885101
0.017459596
0.027988636
0.094844697
0.226828283
0.190647727
0.164103535
0.024748737
0.060814394
0.016715909
0.044025253
0.233819444
0.096387626
0.428397727
0.219223485
0.292736111
0.221386364
0.044988636
0.049843434
0.035631313
0.029021465
0.06370202
0.197063131
0.180580808
0.227287879
0.317258838
0.020602273
0.046127525
0.017130051
0.027621212
0.027535354
0.016743687
0.032030303
0.027353535
0.015305556
0.089433081
0.087896465
0.009880051
0.074859848
0.031443182
0.045119949
0.175467172
0.38647096
0.161146465
0.18582197
0.722191919
0.564051768
0.168455808
0.003671717
0.196179293
0.116286616
0.075886364
0.175897727
0.055469697
0.216171717
0.171618687
0.043669192
0.012381313
0.120630051
0.017768939
0.031032828
0.00065404
0.048606061
0.022289141
0.080162879
0.01582702
0.016915404
0.006938131
0.01005303
0.037157828
0.038464646
0.018420455
0.36807197
0.100497475
0.071205808
0.16042298
0.108806818
0.039539141
0.079087121
0.067138889
0.005982323
0.021484848
0.005507576
0.354534091
0.00030303
0.116450758
0.052810606
0.108270202
0.09169697
0.011257576
0.174645202
0.154804293
0.143520202
0.409589646
0.120229798
0.776969697
0.009092172
0.015313131
0.278010101
0.001098485
0.250087121
0.10055303
0.27342803
0.009349747
0.075430556
0.006792929
0.003784091
0.378525253
0.332959596
0.726583333
0.507368687
0.641815657
0.012501263
0.028958333
0.158958333
0.012055556
0.148040404
0.616441919
0.168382576
0.001594697
0.017910354
0.40234596
0.640536616
0.487607323
0.427515152
0.140790404
0.157467172
0.283880051
0.148224747
0.038385101
0.013397727
0.024705808
0.023030303
0.210448232
0.183199495
0.329386364
0.102881313
0.001478535
0.071145202
0.035603535
0.022165404
0.044738636
0.037978535
0.184650253
0.19977904
0.107483586
0.120863636
0.003258838
0.004349747
0.024045455
0.001688131
0.010359848
0.01577904
0.005271465
0.058863636
0.14160101
0.117513889
0.084097222
0.050925505
0.003453283
0.266343434
0.18897096
0.789727273
0.209900253
0.049616162
0.074815657
0.089286616
0.058132576
0.042544192
0.055768939
0.058366162
0.042834596
0.286299242
0.304123737
0.595612374
0.992315657
0.25017803
0.010342172
0.022756313
0.011367424
0.012424242
0.013643939
0.018277778
0.001002525
0.004030303
0.039675505
0.005339646
0.001484848
0.007914141
0.024924242
0.007791667
0.070079545
0.047122475
0.000262626
0.005564394
0.095667929
0.046030303
0.073518939
0.072665404
0.001162879
0.075016414
0.056118687
0.094959596
0.04394697
0.031792929
0.104205808
0.115494949
0.040353535
0.030849747
0.134083333
0.129872475
0.072684343
0.058892677
0.061330808
0.218135101
0.168960859
0.223316919
0.222733586
0.177160354
0.167794192
0.075945707
0.055789141
0.03825
0.031376263
0.040776515
0.047443182
0.13482197
0.346477273
0.487573232
0.082342172
0.020559343
0.011867424
0.010569444
0.002237374
0.001282828
0.046804293
0.056445707
0.061997475
0.05834596
0.027729798
0.026103535
0.02525
0.096859848
0.057647727
0.026061869
0.097931818
0.027222222
0.085796717
0.081075758
0.016690657
0.017575758
0.072188131
0.058772727
0.036866162
0.015598485
0.040948232
0.013005051
0.005762626
0.063733586
0.012458333
0.011708333
0.109940657
0.000426768
0.054330808
0.004212121
0.005910354
0.073195707
0.030352273
0.136272727
0.009369949
0.001087121
0.010900253
0.002733586
0.058938131
0.024306818
0.009363636
0.001819444
0.002208333
0.008876263
0.021335859
0.008691919
0.009770202
0.002316919
0.000107323
0.021284091
0.028558081
0.010089646
0.163070707
0.004205808
0.025987374
0.00472601
0.024503788
0.002257576
0.013597222
0.001241162
0.020532828
0.092987374
0.025849747
0.040200758
0.00979798
0.000520202
0.003349747
0.006310606
0.010539141
0.005731061
0.005087121
0.071445707
0.005320707
0.02767803
0.044189394
0.011305556
0.001508838
0.005348485
0.01577399
0.081212121
0.08707702
0.00807197
0.012108586
0.006891414
0.006421717
0.004478535
0.007784091
0.029564394
0.077979798
0.056145202
0.008094697
0.118587121
0.034973485
0.029119949
0.051718434
0.079060606
0.025968434
0.095907828
0.105561869
0.035181818
0.026641414
0.006253788
0.007310606
0.001051768
0.005950758
0.022453283
0.066963384
0.049602273
0.010207071
0.003539141
0.099584596
0.008650253
0.041299242
0.109866162
0.082618687
0.062864899
0.014440657
0.003282828
0.013545455
0.01085101
0.005373737
0.004282828
0.012789141
0.002213384
0.063612374
0.00170202
0.022021465
0.017992424
0.008796717
0.001074495
0.005515152
0.001953283
0.006897727
0.014190657
0.025551768
0.006286616
0.016291667
0.033491162
0.080597222
0.140376263
0.001420455
0.005440657
0.000106061
0.001632576
0.007113636
0.005717172
0.017888889
0.016339646
0.001882576
0.007417929
0.005390152
0.053204545
0.033342172
0.088340909
0.119893939
0.093472222
0.086816919
0.0195
0.000675505
0.00227904
0.006382576
0.019621212
0.045944444
0.161854798
0.188930556
0.022849747
0.002248737
0.004181818
0.019443182
9.21717e-05
0.005270202
0.061965909
0.001333333
0.002585859
0.007616162
0.002364899
0.00154798
0.028449495
0.015141414
0.007546717
0.075885101
0.00025
0.003501263
0.00652399
0.003675505
0.000784091
0.000118687
0.000488636
0.001190657
0.003613636
0.001281566
0.000675505
0.004137626
0.001760101
0.002905303
0.002785354
0.007699495
0.025332071
0.004352273
0.000435606
1.26263e-05
0.005363636
0.035655303
0.04557702
0.14642803
0.107632576
0.120036616
0.029647727
0.000473485
0.006800505
0.001119949
0.001449495
0.003193182
0.010006313
0.001171717
0.000145202
0.005604798
0.00257197
0.002691919
0.007632576
0.007751263
0.004568182
0.002585859
0.009714646
0.002388889
0.056854798
0.132656566
0.005513889
0.001392677
0.001625
0.002291667
0.001118687
0.000578283
0.000842172
0.00055303
0.000157828
0.00125
0.001664141
0.013729798
0.007180556
0.003199495
0.002068182
0.001527778
0.002340909
0.013005051
0.013239899
0.004546717
0.000935606
0.00427399
0.000460859
0.053727273
0.007376263
0.001799242
0.001037879
0.00229798
0.001169192
0.001222222
0.00044697
0.000683081
0.003839646
0.000604798
0.001460859
0.004530303
0.005989899
0.005622475
0.001435606
0.000921717
0.007689394
0.000375
0.003253788
0.062752525
0.194669192
0.000891414
0.001371212
0.003426768
0.002042929
0.000893939
0.003582071
0.001535354
0.006770202
0.001050505
0.000892677
0.002088384
0.005674242
0.000289141
0.000775253
0.001104798
0.002695707
0.004957071
0.013792929
0.159412879
0.058876263
0.012979798
0.001190657
0.001074495
0.003248737
0.00110101
0.004902778
0.006588384
0.00072096
0.000271465
0.00147096
0.160785354
0.087457071
0.116704545
0.112709596
0.019012626
0.000473485
0.033042929
0.049138889
0.000223485
0.001059343
0.000266414
0.005352273
0.002308081
0.129082071
0.002401515
0.001036616
0.074813131
0.004534091
0.024700758
0.172330808
0.010185606
0.326554293
0.11170202
0.000496212
0.189017677
0.001166667
0.154133838
0.006011364
0.047194444
0.001815657
0.026989899
0.040491162
0.008815657
0.017534091
0.104776515
0.253872475
0.001421717
0.00169697
0.200429293
0.005449495
0.001183081
0.001296717
0.000852273
0.007489899
0.114349747
0.010520202
0.240136364
0.011813131
0.088691919
0.020930556
0.012724747
0.297844697
0.004055556
0.165930556
0.001760101
0.029723485
0.096113636
0.139854798
0.00022096
0.054815657
0.006234848
0.004883838
0.013516414
0.158199495
0.066569444
0.001544192
0.008212121
0.000214646
0.000924242
0.00575
0.001122475
0.09177399
0.002300505
0.116125
0.006090909
0.019488636
0.000181818
0.033301768
0.301521465
0.000598485
0.001875
0.00102904
0.07809596
0.001313131
0.009584596
0.012583333
0.004685606
0.003210859
0.001997475
0.106190657
0.022611111
0.095768939
0.026785354
0.01542803
0.348334596
0.001638889
0.000507576
0.000454545
0.005315657
0.090434343
0.008123737
0.004087121
0.046688131
0.023501263
0.023025253
0.000536616
0.095900253
0.122905303
0.000285354
0.002169192
0.003194444
0.001247475
0.00057197
0.004006313
0.00122601
0.072318182
0.005945707
0.127143939
0.138344697
0.072161616
0.141152778
0.005088384
1.0101e-05
0.002090909
0.000357323
0.001666667
0.002078283
0.000142677
0.003585859
0.08977904
0.000520202
0.016625
0.077372475
0.168145202
0.021266414
0.104313131
0.010670455
0.000699495
0.000388889
0.16077904
0.000324495
0.000675505
0.088897727
0.00059596
0.048478535
0.000310606
0.000699495
0.001541667
0.003768939
0.006606061
0.001169192
0.001051768
0.089825758
0.186960859
0.000561869
0.127210859
0.000973485
0.034738636
0.072775253
0.040304293
0.208695707
0.001267677
0.000362374
0.000569444
0.14782197
0.000893939
0.063073232
0.204560606
0.002917929
0.000231061
0.000167929
0.001551768
0.123137626
0.084472222
0.023150253
0.292926768
0.034983586
0.329246212
0.244670455
0.21130303
0.007150253
0.099400253
0.000906566
0.010375
0.000296717
0.19942803
0.000465909
0.077825758
0.012006313
0.058996212
0.107231061
0.120959596
0.187878788
0.151569444
0.000386364
0.000606061
0.000993687
0.006405303
0.052085859
0.026617424
0.006545455
0.002409091
0.00710101
0.102104798
0.022491162
0.000540404
0.001080808
0.000340909
0.132465909
0.031627525
0.073732323
0.008190657
0.001369949
0.002463384
0.123627525
0.004130051
0.001794192
0.000540404
0.000527778
0.001880051
0.11229798
0.000464646
0.001766414
0.006181818
0.008426768
0.058868687
0.000638889
0.001680556
0.002710859
0.010675505
0.002911616
0.07947096
0.000936869
0.001666667
0.000617424
0.000694444
0.000527778
0.000424242
0.001790404
0.08127904
0.000816919
0.004675505
0.002449495
0.004166667
0.003131313
0.007604798
0.000348485
0.000929293
0.001329545
0.002136364
0.123203283
0.000958333
0.00059596
5.68182e-05
0.000777778
0.000861111
0.001516414
0.001580808
0.000411616
0.054486111
0.086513889
0.067722222
0.057292929
0.068638889
0.069674242
0.186608586
0.00085101
0.002513889
0.104126263
0.001642677
0.000590909
0.000732323
0.00179798
0.000539141
0.002852273
0.068458333
0.015751263
0.086448232
0.015756313
0.096228535
0.019332071
0.001390152
0.003450758
0.001867424
0.105950758
0.119843434
0.001641414
0.000333333
0.002926768
0.000962121
0.011185606
0.030651515
0.217082071
0.208933081
0.001260101
0.003875
0.147962121
0.003325758
0.148174242
0.006768939
0.141262626
0.000435606
0.000537879
0.000564394
0.001883838
0.001743687
0.000385101
0.000368687
0.066136364
0.000977273
0.000334596
0.160597222
0.01445202
0.127425505
0.000767677
0.001676768
0.00015404
0.000550505
0.00117803
0.00992298
0.04625
0.016285354
0.00202904
0.151472222
0.133472222
0.006385101
0.091613636
0.001636364
0.002276515
0.000593434
0.000609848
0.002800505
0.065431818
0.110401515
0.202289141
0.063844697
0.001407828
0.000977273
0.001021465
0.001020202
0.084458333
0.210700758
0.298551768
0.257026515
0.226045455
0.427671717
0.072416667
0.000669192
0.001339646
0.000599747
0.001751263
0.000991162
0.040695707
0.02747601
0.000905303
0.012415404
0.001708333
0.002126263
0.00855303
0.049344697
0.017825758
0.035277778
0.008411616
0.107127525
0.024064394
0.107143939
0.001387626
0.067848485
0.120674242
0.016829545
0.082589646
0.036875
0.016828283
0.003806818
0.019741162
0.035006313
0.302204545
0.056277778
0.077545455
0.19232702
0.155968434
0.132141414
0.063911616
0.000926768
0.043694444
0.075782828
0.071064394
0.085666667
0.114958333
0.084275253
0.129128788
0.04669697
0.041875
0.001651515
0.13255303
0.075623737
0.054010101
0.104159091
0.13129798
0.141575758
0.101044192
0.104940657
0.014385101
0.038040404
0.082953283
0.003987374
0.138282828
0.103219697
0.016799242
0.053213384
0.03247096
0.085544192
0.049314394
0.073041667
0.024430556
0.052588384
0.236415404
0.129789141
0.045166667
0.094112374
0.004165404
0.158824495
0.107111111
0.306633838
0.069617424
0.036652778
0.049991162
0.003656566
0.101815657
0.068482323
0.131229798
0.248021465
0.210065657
0.074993687
0.000665404
0.111479798
0.097407828
0.006887626
0.006592172
0.084530303
0.017708333
0.116237374
0.06552399
0.018907828
0.002084596
0.026512626
0.016671717
0.125603535
0.009377525
0.088996212
0.026638889
0.023121212
0.014684343
0.009409091
0.070133838
0.029840909
0.003473485
0.012618687
0.064680556
0.055241162
0.036063131
0.00119697
0.024145202
0.057478535
0.085901515
0.012045455
0.006508838
0.06532702
0.011809343
0.079156566
0.009334596
0.062686869
0.003238636
0.027066919
0.01702399
0.023733586
0.088146465
0.016614899
0.000563131
0.01614899
0.040512626
0.119417929
0.036602273
0.095791667
0.019933081
0.043787879
0.005501263
0.122306818
0.148563131
0.088883838
0.388481061
0.01460101
0.126664141
0.166385101
0.222431818
0.021997475
0.028472222
0.240142677
0.320219697
0.128555556
0.075664141
0.065429293
0.046160354
0.023013889
0.132936869
0.132570707
0.033267677
0.024267677
0.019333333
0.034492424
0.055188131
0.040890152
0.043156566
0.034640152
0.050593434
0.018373737
0.07144697
0.086752525
0.694608586
0.084816919
0.070585859
0.023515152
0.016199495
0.013438131
0.011863636
0.007756313
0.020203283
0.037410354
0.080363636
0.062742424
0.074872475
0.076401515
0.038435606
0.037180556
0.019478535
0.013738636
0.006873737
0.034890152
0.36859596
0.145356061
0.074892677
0.073722222
0.026665404
0.027602273
0.02347096
0.015323232
0.005707071
0.008635101
0.015155303
0.059311869
0.00159596
0.059511364
0.085468434
0.171308081
0.108252525
0.193415404
0.080604798
0.042117424
0.135744949
0.000977273
0.136784091
0.354300505
0.312712121
0.026665404
0.095700758
0.241708333
0.01114899
0.003188131
0.223483586
0.310165404
0.25894697
0.310710859
0.027573232
0.024433081
0.029743687
0.017895202
0.046013889
0.193994949
0.287573232
0.163233586
0.188897727
0.135179293
0.293332071
0.271481061
0.155435606
0.132515152
0.014555556
0.095492424
0.00309596
0.087469697
0.128929293
0.042613636
0.169578283
0.140390152
0.170650253
0.020155303
0.091138889
0.045241162
0.014621212
0.254998737
0.019241162
0.006513889
0.105875
0.127617424
0.001963384
0.042138889
0.095349747
0.06909596
0.044314394
0.056840909
0.044689394
0.016325758
0.028272727
0.248352273
0.183930556
0.002849747
0.093977273
0.043325758
0.042709596
0.09339899
0.103647727
0.139060606
0.023122475
0.027685606
0.079699495
0.048181818
0.001426768
0.023
0.040137626
0.015075758
0.004027778
0.031007576
0.055167929
0.021801768
0.053863636
0.041912879
0.018962121
0.129948232
0.144967172
0.117505051
0.083789141
0.003234848
0.085707071
0.04194697
0.049780303
0.067936869
0.134907828
0.08252904
0.125164141
0.121578283
0.081483586
0.022018939
0.000617424
0.00167298
0.001508838
0.001060606
0.011445707
0.023347222
0.035681818
0.083429293
0.069218434
0.041026515
0.041748737
0.061828283
0.015445707
0.05604798
0.041426768
0.016550505
0.000882576
0.026237374
0.107116162
0.102068182
0.009140152
0.003733586
0.009232323
0.072972222
0.018431818
0.026537879
0.039902778
0.022695707
0.016372475
0.049198232
0.125232323
0.040417929
0.02414899
0.048902778
0.075079545
0.079612374
0.061878788
0.010174242
0.08060101
0.039642677
0.039268939
0.087912879
0.049494949
0.049541667
0.05242298
0.040497475
0.038325758
0.027253788
0.103532828
0.031905303
0.154670455
0.038762626
0.136748737
0.019128788
0.010705808
0.047464646
0.04469697
0.00757197
0.027416667
0.065301768
0.069878788
0.125102273
0.19422096
0.316363636
0.476770202
0.309051768
0.175727273
0.226479798
0.070728535
0.012402778
0.01879798
0.011994949
0.045415404
0.050819444
0.091193182
0.08632702
0.049392677
0.268271465
0.057613636
0.025958333
0.035396465
0.173954545
0.025054293
0.030598485
0.022619949
0.080406566
0.063679293
0.054890152
0.065930556
0.003739899
0.129409091
0.152243687
0.082251263
0.029491162
0.007006313
0.011224747
0.027948232
0.004085859
0.010555556
0.021382576
0.110330808
0.059539141
0.122896465
0.010800505
0.027734848
0.026112374
0.035078283
0.053270202
0.035498737
0.060474747
0.01034596
0.051871212
0.29397601
0.012256313
0.01092298
0.130385101
0.031492424
0.043535354
0.009393939
0.006289141
0.113436869
0.005489899
0.018944444
0.028626263
0.102186869
0.118244949
0.161838384
0.043508838
0.363664141
0.324955808
0.143257576
0.135772727
0.166737374
0.177684343
0.191304293
0.125771465
0.082262626
0.045482323
0.001357323
0.095786616
0.071732323
0.018722222
0.072618687
0.049358586
0.00097096
0.061656566
0.192842172
0.189247475
0.146007576
0.355342172
0.091974747
0.007994949
0.208792929
0.13272601
0.145944444
0.140122475
0.109755051
0.000309343
0.012391414
0.080186869
0.091607323
0.029983586
0.053380051
0.028848485
0.006318182
0.03427904
0.004796717
0.001410354
0.000900253
0.002674242
0.017443182
0.023357323
0.129040404
0.072755051
0.018575758
0.044231061
0.013732323
0.024835859
0.041876263
0.049366162
0.056395202
0.047722222
0.043953283
0.081156566
0.001864899
0.001275253
0.027323232
0.003060606
0.046512626
0.097917929
0.183801768
0.039719697
0.039981061
0.048061869
0.014917929
0.000334596
0.002171717
0.075467172
0.027704545
0.045359848
0.131005051
0.021183081
0.097069444
0.227135101
0.450688131
0.009593434
0.000669192
0.010919192
0.093315657
0.012258838
0.025871212
0.067866162
0.011780303
0.016472222
0.020141414
0.015734848
0.01332197
0.02469697
0.016794192
0.008868687
0.042069444
0.21632197
0.063310606
0.105881313
0.279650253
0.004888889
0.012246212
0.189717172
0.055488636
0.002324495
0.271570707
0.00210101
0.128194444
0.029352273
0.038974747
0.269061869
0.016864899
0.022623737
0.070438131
0.004218434
0.061681818
0.010734848
0.035748737
0.031059343
0.001919192
0.096113636
0.262493687
0.008395202
0.059406566
0.039808081
0.006969697
0.012842172
0.012313131
0.004896465
0.013996212
0.015969697
0.017469697
0.010959596
0.034709596
0.06039899
0.022284091
0.015869949
0.048592172
0.025294192
0.003776515
0.00380303
0.003462121
0.001862374
0.010390152
0.161241162
0.196616162
0.224593434
0.107614899
0.112366162
0.030747475
0.043041667
0.059811869
0.054260101
0.01290404
0.148131313
0.262573232
0.275055556
0.00177904
0.005066919
0.123262626
0.043737374
0.155731061
0.229242424
0.023989899
0.02479798
0.039561869
0.074632576
0.217424242
0.256652778
0.292207071
0.134534091
0.043382576
0.156636364
0.182858586
0.009098485
0.020537879
0.014604798
0.014765152
0.041157828
0.10314899
0.203570707
0.136852273
0.032382576
0.149199495
0.202582071
0.127406566
0.02210101
0.005933081
0.196507576
0.088318182
0.054179293
0.05834596
0.060790404
0.047424242
0.051925505
0.053064394
0.035050505
0.035425505
0.001599747
0.006834596
0.00314899
0.057089646
0.03647601
0.053775253
0.061607323
0.020489899
0.00592298
0.029397727
0.020925505
0.025362374
0.053348485
0.111775253
0.045122475
0.049880051
0.088666667
0.079858586
0.040881313
0.039195707
0.038938131
0.094792929
0.063368687
0.0015
0.007487374
0.036385101
0.017217172
0.06327904
0.048219697
0.068431818
0.084142677
0.031885101
0.075611111
0.000393939
0.046407828
0.071551768
0.071294192
0.020223485
0.02094697
0.021657828
0.020888889
0.028925505
0.318766414
0.315664141
0.167460859
0.012483586
0.023703283
0.276421717
0.207897727
0.319806818
0.010926768
0.01282702
0.011566919
0.00405303
0.002093434
0.03269697
0.01217803
0.216030303
0.01082702
0.070305556
0.13342298
0.001579545
0.040632576
0.048919192
0.047811869
0.093152778
0.004718434
0.003104798
0.093407828
0.053097222
0.033579545
0.006473485
0.003974747
0.008030303
0.019483586
0.035159091
0.021550505
0.019925505
0.049559343
0.051847222
0.132604798
0.179058081
0.015429293
0.05245202
0.19507702
0.154921717
0.04817803
0.029604798
0.042631313
0.042445707
0.086875
0.080969697
0.037002525
0.052161616
0.031621212
0.065377525
0.095583333
0.108607323
0.07782197
0.096046717
0.028205808
0.024551768
0.026031566
0.04067803
0.394748737
0.058587121
0.071265152
0.104271465
0.093767677
0.073395202
0.089886364
0.066117424
0.069662879
0.058103535
0.024911616
0.146544192
0.033580808
0.040316919
0.234650253
0.000431818
0.02742803
0.04997601
0.126241162
0.008511364
0.020455808
0.024316919
0.004412879
0.042744949
0.034607323
0.035863636
0.101151515
0.05840404
0.055146465
0.101691919
0.103003788
0.050909091
0.033780303
0.036558081
0.002337121
0.002246212
0.011441919
0.029308081
0.022891414
0.016439394
0.001550505
0.005015152
0.105858586
0.019579545
0.015439394
0.065619949
0.027199495
0.026801768
0.001907828
0.009272727
0.510001263
0.004671717
0.179507576
0.039681818
0.025522727
0.021546717
0.034780303
0.006045455
0.16427399
0.022962121
0.010457071
0.070535354
0.012069444
0.050311869
0.014722222
0.013487374
0.024395202
0.033106061
0.166318182
0.09670202
0.088295455
0.02015404
0.071454545
0.085748737
0.057083333
0.05547096
0.061414141
0.058430556
0.024979798
0.009943182
0.087515152
0.027780303
0.019002525
0.018419192
0.018767677
0.063891414
0.011430556
0.042390152
0.031338384
0.007155303
0.010335859
0.050853535
0.052382576
0.041290404
0.04575
0.036031566
0.003146465
0.001646465
0.059128788
0.054709596
0.026215909
0.058085859
0.033742424
0.060493687
0.056210859
0.042479798
0.021824495
0.035614899
0.010275253
0.033190657
0.005859848
0.130039141
0.088223485
0.076887626
0.059741162
0.009796717
0.025963384
0.017455808
0.01497601
0.024570707
0.024527778
0.027054293
0.022758838
0.018128788
0.019520202
0.025862374
0.032097222
0.056234848
0.017486111
0.017906566
0.013036616
0.034642677
0.027546717
0.006569444
0.003717172
0.012996212
0.017895202
0.002318182
0.074991162
0.010983586
0.101267677
0.075275253
0.045171717
0.035268939
0.088199495
0.068977273
0.001116162
0.004161616
0.058265152
0.112200758
0.038414141
0.039113636
0.045239899
0.00635101
0.024638889
0.003771465
0.046075758
0.086602273
0.038919192
0.045957071
0.002337121
0.05095202
0.022137626
0.014156566
0.020794192
0.024055556
0.008829545
0.011973485
0.02697096
0.036453283
0.039017677
0.021892677
0.028034091
0.054916667
0.00457702
0.016174242
0.102376263
0.128256313
0.073551768
0.067296717
0.06144697
0.003073232
0.019853535
0.043162879
0.057248737
0.004310606
0.238912879
0.227878788
0.024102273
0.015090909
0.037046717
0.198186869
0.039551768
0.025310606
0.08155303
0.114520202
0.020719697
0.125224747
0.076090909
0.093174242
0.027409091
0.038353535
0.02834596
0.056646465
0.068285354
0.013537879
0.059116162
0.087517677
0.018558081
0.054262626
0.008400253
0.02089899
0.014979798
0.035011364
0.026092172
0.048686869
0.043959596
0.047930556
0.080364899
0.084161616
0.03015404
0.007107323
0.021685606
0.011685606
0.006939394
0.089368687
0.077818182
0.105731061
0.014118687
0.039867424
0.015996212
0.043386364
0.017742424
0.003856061
0.014055556
0.009356061
0.021097222
0.018329545
0.008481061
0.009707071
0.021323232
0.038252525
0.053255051
0.023243687
0.02065404
0.076957071
0.02242298
0.001796717
0.003664141
0.008496212
0.026962121
0.019055556
0.010661616
0.27334596
0.033339646
0.063621212
0.103666667
0.036868687
0.049704545
0.040689394
0.014645202
0.030305556
0.050614899
0.040693182
0.023088384
0.004295455
0.006686869
0.029627525
0.037487374
0.087767677
0.027167929
0.023492424
0.016435606
0.001414141
0.028059343
0.015393939
0.062849747
0.085375
0.068145202
0.033862374
0.070080808
0.086829545
0.015152778
0.014674242
0.013661616
0.081383838
0.078268939
0.00729798
0.011260101
0.028032828
0.009050505
0.11575
0.053542929
0.02359596
0.007357323
0.037012626
0.034795455
0.002039141
0.001623737
0.023628788
0.008723485
0.009708333
0.002335859
0.013008838
0.000895202
0.013159091
0.085174242
0.01
0.006530303
0.002238636
0.017214646
0.024102273
0.035877525
0.041880051
0.035722222
0.067974747
0.008131313
0.027340909
0.017164141
0.019616162
0.010116162
0.005955808
0.010608586
0.000643939
0.00907197
0.003738636
0.009128788
0.036435606
0.044526515
0.039560606
0.027142677
0.008545455
0.060830808
0.038551768
0.045906566
0.047844697
0.029699495
0.051324495
0.013232323
0.010098485
0.187564394
0.237069444
0.083563131
0.04004798
0.607393939
0.005030303
0.317138889
0.054133838
0.011152778
0.088027778
0.101530303
0.259222222
0.091688131
0.062166667
0.096055556
0.201493687
0.105109848
0.02520202
0.049751263
0.079800505
0.008421717
0.011744949
0.019808081
0.022574495
0.088410354
0.098808081
0.106083333
0.026339646
0.030813131
0.011135101
0.018205808
0.128234848
0.016537879
0.036314394
0.03057197
0.009805556
0.06730303
0.146219697
0.051241162
0.016253788
0.079137626
0.211896465
0.11839899
0.079377525
0.089955808
0.014301768
0.085659091
0.01930303
0.009949495
0.036987374
0.01257197
0.001243687
0.00675
0.004768939
0.01432702
0.010020202
0.045013889
0.027184343
0.063179293
0.115840909
0.003415404
0.039813131
0.130469697
0.000568182
0.00130303
0.022685606
0.149795455
0.002734848
0.030378788
0.116863636
0.004979798
0.113179293
0.05414899
0.043247475
0.02275
0.106992424
0.138396465
0.053829545
0.024338384
0.011050505
0.037488636
0.071255051
0.039683081
0.03402904
0.012070707
0.205996212
0.011660354
0.091477273
0.270064394
0.484215909
0.026813131
0.013011364
0.035568182
0.028380051
0.005554293
0.002652778
0.03027399
0.02607197
0.06607702
0.047325758
0.044013889
0.068537879
0.00082197
0.008340909
0.022931818
0.002997475
0.081786616
0.03332702
0.043998737
0.071900253
0.075068182
0.011171717
0.036867424
0.050329545
0.026155303
0.043271465
0.012910354
0.06577399
0.027183081
0.058844697
0.137339646
0.117343434
0.085747475
0.347349747
0.525642677
0.018444444
0.249342172
0.011551768
0.031473485
0.112799242
0.011708333
0.01392803
0.026258838
0.108780303
0.05185101
0.162280303
0.012652778
0.009099747
0.030880051
0.067989899
0.003489899
0.001251263
0.06305303
0.014204545
0.058513889
0.027930556
0.064050505
0.010911616
0.002732323
0.017305556
0.098006313
0.000623737
0.079751263
0.047145202
0.047537879
0.003324495
0.085238636
0.073507576
0.131580808
0.132330808
0.005868687
0.074594697
0.128681818
0.082183081
0.002286616
0.013573232
0.04660101
0.013084596
0.086619949
0.043171717
0.000811869
0.004849747
0.082405303
0.027421717
0.049587121
0.009824495
0.203165404
0.00977399
0.098068182
0.038992424
0.015825758
0.031665404
0.07772601
0.002487374
0.004030303
0.076272727
0.041650253
0.036291667
0.002342172
0.050989899
0.081843434
0.007169192
0.083690657
0.018145202
0.004977273
0.013483586
0.005755051
0.007739899
0.002818182
0.029818182
0.004690657
0.004876263
0.03255303
0.045402778
0.007252525
0.007516414
0.034098485
0.046656566
0.009080808
0.058767677
0.07260101
0.018080808
0.03614899
0.101669192
0.034896465
0.070159091
0.046960859
0.028462121
0.025502525
0.048869949
0.01415404
0.058616162
0.044780303
0.073737374
0.080810606
0.281569444
0.176133838
0.080252525
0.333929293
0.012680556
0.015232323
0.004429293
0.056238636
0.04652399
0.009280303
0.114329545
0.012544192
0.050656566
0.032481061
0.017046717
0.002982323
0.006847222
0.033316919
0.023549242
0.020746212
0.003691919
0.024049242
0.012104798
0.002478535
0.211623737
0.000854798
0.015910354
0.026239899
0.468111111
0.052459596
0.167194444
0.007343434
0.012483586
0.019781566
0.010906566
0.050056818
0.004950758
0.005587121
0.085464646
0.000699495
0.001015152
0.001489899
0.038281566
0.04079798
0.022979798
0.008381313
0.002065657
0.005416667
0.007170455
0.037330808
0.020099747
0.469056818
0.452450758
0.596289141
0.182481061
0.022513889
0.050534091
0.012414141
0.027444444
0.002575758
0.018534091
0.070132576
0.038457071
0.029179293
0.191755051
0.091166667
0.000835859
0.007435606
0.030689394
0.011800505
0.246436869
0.305868687
0.25644697
0.002141414
0.014953283
0.02575
0.106143939
0.043792929
0.089342172
0.30252399
0.141828283
0.145383838
0.046464646
0.000906566
0.007877525
0.151630051
0.008580808
0.008839646
